           CPU0       CPU1       CPU2       CPU3       CPU4       CPU5       CPU6       CPU7       CPU8       CPU9       CPU10      CPU11      CPU12      CPU13      CPU14      CPU15      CPU16      CPU17      CPU18      CPU19      CPU20      CPU21      CPU22      CPU23      CPU24      CPU25      CPU26      CPU27      CPU28      CPU29      CPU30      CPU31      
  0:        106          0          0          0          0          0          0          0          0          0          0          0          0          0          0          0          0          0          0          0          0          0          0          0          0          0          0          0          0          0          0          0   IO-APIC   2-edge      timer
  1:          0          0          0          0          0          0          0          0          9          0          0          0          0          0          0          0          0          0          0          0          0          0          0          0          0          0          0          0          0          0          0          0   IO-APIC   1-edge      i8042
  4:          0          0          0          0          0          0          0          0          0          0          0        401          0          0          0          0          0          0          0          0          0          0          0          0          0          0          0          0          0          0          0          0   IO-APIC   4-edge      ttyS0
  6:          0          0          0          0          0          0          0          0          0          0          3          0          0          0          0          0          0          0          0          0          0          0          0          0          0          0          0          0          0          0          0          0   IO-APIC   6-edge      floppy
  8:          0          0          0          0          0          0          0          0          0          0          0          0          0          0          0          0          0          0          0          0          0          0          0          0          0          0          0          0          0          0          0          0   IO-APIC   8-edge      rtc0
  9:          0          0          0          0          0          0          0          0          0          0          0          0          0          0          0          0          0          0          0          0          0          0          0          0          0          0          0          0          0          0          0          0   IO-APIC   9-fasteoi   acpi
 11:          0          0          0          0          0          0          0          0          0          0          0          0          0          0          0          0          0          0          0          0          0          0          0          0          0          0          0          0          0          0          0          0   IO-APIC  11-fasteoi   uhci_hcd:usb1, virtio3
 12:          0          0          0          0          0          0          0         15          0          0          0          0          0          0          0          0          0          0          0          0          0          0          0          0          0          0          0          0          0          0          0          0   IO-APIC  12-edge      i8042
 14:          0          0          0          0       1017          0          0          0          0          0          0          0          0          0          0          0          0          0          0          0          0          0          0          0          0          0          0          0          0          0          0          0   IO-APIC  14-edge      ata_piix
 15:          0          0          0          0          0          0          0          0          0          0          0          0          0          0          0          0          0          0          0          0          0          0          0          0          0          0          0          0          0          0          0          0   IO-APIC  15-edge      ata_piix
 24:          0          0          0          0          0          0          0          0          0          0          0          0          0          0          0          0          0          0          0          0          0          0          0          0          0          0          0          0          0          0          0          0   PCI-MSI 98304-edge      virtio1-config
 25:          0          0          0          0          0          0          0          0          0          0          0          0          0          0          0   57885008          0          0          0          0          0          0          0          0          0          0          0          0          0          0          0          0   PCI-MSI 98305-edge      virtio1-req.0
 26:          0          0          0          0          0          0          0          0          0          0          0          0          0          0          0          0          0          0          0          0          0          0          0          0          0          0          0          0          0          0          0   58000578   PCI-MSI 98306-edge      virtio1-req.1
 27:          0          0          0          1          0          0          0          0          0          0          0          0          0          0          0          0          0          0          0          0          0          0          0          0          0          0          0          0          0          0          0          0   PCI-MSI 114688-edge      virtio2-config
 28:          0          0          0          0          0          0          0          0          0          0          0          0          0          0          0          0          0          0          0          0          0          0          0          0          0          0          0          0          0          0   42009965          0   PCI-MSI 114689-edge      virtio2-req.0
 29:          0          0          0          0          0          0          0          0          0          0          0          0          0          0          0          0          0          0          0          0          0          0          0          0          0          0          0          0          0          0          0          0   PCI-MSI 81920-edge      virtio0-config
 30:        134          0          0          0          0          0          0          0          0          0          0          0          0          1          0          0          0          0          0          0          0          0          0          0          0          0          0          0          0          0          0   34049092   PCI-MSI 81921-edge      virtio0-input.0
 31:          0          0          0          0          0          0          0          0          0          0          0          0          0          0          1          0          0          0          0          0          0          0          0          0          0          0          0          0          0          0          0          0   PCI-MSI 81922-edge      virtio0-output.0
 32:          0          0          0          0          0        221          0          0          0          0          0          0          0          0          0          1          0          0          0          0          0          0          0          0          0          0          0          0          0   24320413          0          0   PCI-MSI 81923-edge      virtio0-input.1
 33:          0          0          0          0          0          0          0          0          0          0          0          0          0          0          0          0          1          0          0          0          0          0          0          0          0          0          0          0          0          0          0          0   PCI-MSI 81924-edge      virtio0-output.1
 34:          0          0          0          0          0          0          0          0          0        164          0          0          0          0          0          0          0          1          0          0          0          0          0          0          0          0          0   40357404          0          0          0          0   PCI-MSI 81925-edge      virtio0-input.2
 35:          0          0          0          0          0          0          0          0          0          0          0          0          0          0          0          0          0          0          1          0          0          0          0          0          0          0          0          0          0          0          0          0   PCI-MSI 81926-edge      virtio0-output.2
 36:          0          0          0          0          0          0          0          0          0          0          0          0          0          0          0        166          0          0          0          1          0          0          0          0          0   42612366          0          0          0          0          0          0   PCI-MSI 81927-edge      virtio0-input.3
 37:          0          0          0          0          0          0          0          0          0          0          0          0          0          0          0          0          0          0          0          0          2          0          0          0          0          0          0          0          0          0          0          0   PCI-MSI 81928-edge      virtio0-output.3
 38:          0          0          0          0          0          0          0          0          0          0          0          0          0          0          0          0          0         70          0          0          0          1          0   16081016          0          0          0          0          0          0          0          0   PCI-MSI 81929-edge      virtio0-input.4
 39:          0          0          0          0          0          0          0          0          0          0          0          0          0          0          0          0          0          0          0          0          0          0          1          0          0          0          0          0          0          0          0          0   PCI-MSI 81930-edge      virtio0-output.4
 40:          0          0          0          0          0          0          0          0          0          0          0          0          0          0          0          0          0          0          0          0          0   14622416          0         80          0          0          0          0          0          0          0          0   PCI-MSI 81931-edge      virtio0-input.5
 41:          0          0          0          0          0          0          0          0          0          0          0          0          0          0          0          0          0          0          0          0          0          0          0          0          1          0          0          0          0          0          0          0   PCI-MSI 81932-edge      virtio0-output.5
 42:          0          0          0          0          0          0          0          0          0          0          0          0          0          0          0          0          0          0          0   10354436          0          0          0          0          0         76          0          0          0          0          0          0   PCI-MSI 81933-edge      virtio0-input.6
 43:          0          0          0          0          0          0          0          0          0          0          0          0          0          0          0          0          0          0          0          0          0          0          0          0          0          0          1          0          0          0          0          0   PCI-MSI 81934-edge      virtio0-output.6
 44:          0          0          0          0          0          0          0          0          0          0          0          0          0          0          0          0          0    9538886          0          0          0          0          0          0          0          0          0          1          0         82          0          0   PCI-MSI 81935-edge      virtio0-input.7
 45:          0          0          0          0          0          0          0          0          0          0          0          0          0          0          0          0          0          0          0          0          0          0          0          0          0          0          0          0          2          0          0          0   PCI-MSI 81936-edge      virtio0-output.7
NMI:          0          0          0          0          0          0          0          0          0          0          0          0          0          0          0          0          0          0          0          0          0          0          0          0          0          0          0          0          0          0          0          0   Non-maskable interrupts
LOC: 2831474901 1641025665 2905108903 1661901852 2900111437 2550972566 2686816571 1553268098 3287772043 3014272934 3253187949 1910800038 3254635650 1918998998 3344944178 1908039069 3673173309 2395312927 4160530125 2349698457 3770397442 2374045550 3984393854 2363785012 3307683635 3873486673 3318091690 2060472679 3270297806   79060700 3345876448  968873764   Local timer interrupts
SPU:          0          0          0          0          0          0          0          0          0          0          0          0          0          0          0          0          0          0          0          0          0          0          0          0          0          0          0          0          0          0          0          0   Spurious interrupts
PMI:          0          0          0          0          0          0          0          0          0          0          0          0          0          0          0          0          0          0          0          0          0          0          0          0          0          0          0          0          0          0          0          0   Performance monitoring interrupts
IWI:      96868     130133     100388     128309     101776     125320      84159     136408      97458     130982     101489     127847      97919     134360      96058     128460      88256     129648      93303     128364      91331     125988      92637     127219      98673     131155      95210     129584      97714     127356      94099     137761   IRQ work interrupts
RTR:          0          0          0          0          0          0          0          0          0          0          0          0          0          0          0          0          0          0          0          0          0          0          0          0          0          0          0          0          0          0          0          0   APIC ICR read retries
RES:  992404251  306877638  506412384  215265540  489341515  209105106  465069728  204231766  502110008  214525399  500539947  212197172  499589895  218877509  496869387  211743836  511020895  213935118  512252767  213933457  511891424  214736322  510925878  214106295  529734180  222314717  526941964  219547313  527434751  221202920  526015270  221274515   Rescheduling interrupts
CAL:   56282785   36598282   54899759   35896922   59477574   46302651   64526303   41942028   57578506   37086239   56690976   38975629   56488472   37681401   53768333   37798194   61998762   39153051   62786060   48699903   62719622   42104349   58287962   43989239   56445500   36382630   53972698   35932293   62634991   36925127   55554534   37089906   Function call interrupts
TLB:  223003758  128732027  213106233  117114743  211256162  116133639  204486499  120584377  222865576  123063549  208707177  117782007  207328462  121507517  209654560  117866725  220004113  120087113  207567310  116627051  206800605  115538088  207102249  117079660  224652512  120771247  212457713  118342156  209991384  119356825  210682496  120318415   TLB shootdowns
TRM:          0          0          0          0          0          0          0          0          0          0          0          0          0          0          0          0          0          0          0          0          0          0          0          0          0          0          0          0          0          0          0          0   Thermal event interrupts
THR:          0          0          0          0          0          0          0          0          0          0          0          0          0          0          0          0          0          0          0          0          0          0          0          0          0          0          0          0          0          0          0          0   Threshold APIC interrupts
DFR:          0          0          0          0          0          0          0          0          0          0          0          0          0          0          0          0          0          0          0          0          0          0          0          0          0          0          0          0          0          0          0          0   Deferred Error APIC interrupts
MCE:          0          0          0          0          0          0          0          0          0          0          0          0          0          0          0          0          0          0          0          0          0          0          0          0          0          0          0          0          0          0          0          0   Machine check exceptions
MCP:      69824      69824      69824      69824      69824      69824      69824      69824      69824      69824      69824      69824      69824      69824      69824      69824      69824      69824      69824      69824      69824      69824      69824      69824      69824      69824      69824      69824      69824      69824      69824      69824   Machine check polls
ERR:          0
MIS:          0
PIN:          0          0          0          0          0          0          0          0          0          0          0          0          0          0          0          0          0          0          0          0          0          0          0          0          0          0          0          0          0          0          0          0   Posted-interrupt notification event
NPI:          0          0          0          0          0          0          0          0          0          0          0          0          0          0          0          0          0          0          0          0          0          0          0          0          0          0          0          0          0          0          0          0   Nested posted-interrupt event
PIW:          0          0          0          0          0          0          0          0          0          0          0          0          0          0          0          0          0          0          0          0          0          0          0          0          0          0          0          0          0          0          0          0   Posted-interrupt wakeup event
